895083175361302528
895237705759633408
895242490072248321
895246232955826176
895243032487964672
895245309177208832
895244463223787520
895229997635571712
895290047586590721
895295104549826561
895295044474875905
895295930219585536
895294862370713600
895294528214716416
895338152189083648
895338334683377664
895295970073878528
895340385677049860
895339398266576896
895338988898324481
895340090305781760
895343061986938889
895340659233652737
895341963339341825
895342480614461443
895342354445602819
895340910397067270
895341699194646528
895371045745680388
895371908572745729
895379896918257664
895378441377382400
895378607752740864
895378068872851458
895379548728172544
895379288349913091
895377497109483520
895377823753539584
895377947875520516
895377538930888705
895378935961325569
895378262876205056
895377392063180800
895378671753678848
895379661718523905
895379835278827520
895378977010974724
895379053716414465
895379431098912768
895380127785385984
895379250890649600
895379862701174786
895377265994997761
895379345174392833
895378898816565249
895377604852756481
895381177426731009
895381403260551168
